jungle.agr
monkey.agr
orange.agr
1200
0000 0000 0800 0600
0043 0488
0268 0160
0260 0437
0614 0395
0242 0468
0331 0083
0257 0454
0508 0390
0490 0476
0287 0368
0283 0504
0532 0391
0279 0014
0110 0489
0335 0477
0160 0474
0485 0475
0112 0094
0589 0540
0209 0344
0663 0515
0738 0110
0391 0014
0068 0473
0137 0129
0586 0242
0075 0114
0655 0297
0276 0133
0024 0423
0232 0060
0088 0031
0247 0070
0618 0019
0162 0178
0225 0089 -00.8 -01.1
0564 0287 +07.5 +05.2
0508 0220 +05.6 -03.4
0005 0348 +03.7 -07.4
0126 0318 +07.9 -03.8
0110 0029 -00.4 +01.8
0275 0228 +05.9 -06.7
0522 0167 -05.5 -07.7
0570 0058 +00.8 -05.7
