machupichu.agr
indian.agr
silver.agr
2000
0000 0000 0800 0600
0064 0516
0091 0481
0452 0092
0582 0426
0489 0222
0307 0516
0033 0540
0402 0195
0104 0305
0633 0190
0142 0442
0355 0339
0195 0321
0374 0014
0459 0106
0568 0262
0476 0080
0569 0221
0578 0532
0105 0466
0603 0274
0235 0213
0713 0503
0670 0394
0322 0245
0583 0271
0194 0137
0184 0481
0277 0427
0404 0147
0026 0443
0707 0299
0094 0484
0493 0112
0064 0233
0081 0250
0393 0489
0548 0352
0014 0400
0373 0404
0546 0470
0181 0477
0287 0525
0627 0441
0512 0027
0111 0145
0128 0373
0680 0240
0516 0481
0252 0060
0530 0303
0017 0538
0125 0078
0460 0534
0578 0101
0358 0068
0136 0301
0493 0300
0236 0064
0638 0181
0469 0092
0249 0369
0718 0012
0126 0478
0259 0513
0603 0028
0349 0510
0338 0153
0022 0096
0576 0160
0680 0005
0584 0217
0187 0099
0070 0319
0498 0438
0139 0010
0609 0046
0075 0496
0191 0512
0439 0244
0172 0159
0650 0517
0365 0448
0064 0365
0664 0336
0014 0018
0060 0088
0308 0496
0710 0073
0257 0537
0046 0448
0719 0452
0094 0054
0714 0517
0560 0104
0197 0086
0147 0160
0636 0091
0701 0330
0027 0360
0252 0073 +05.5 +04.8
0381 0308 +07.6 -03.9
0437 0038 +07.4 -02.8
0540 0165 -03.8 +07.3
0149 0159 -06.0 +03.0
0226 0241 -00.7 +03.7
0574 0271 -06.9 -02.4
