chamber.agr
mummy.agr
onix.agr
234
0000 0150 0800 0450
0294 0043
0530 0225
0704 0401
0506 0496
0093 0086
0571 0062
0511 0335
0225 0148
0154 0139
0668 0448
0207 0549
0041 0136
0130 0399
0564 0297
0268 0337
0512 0411
0405 0206
0017 0042
0351 0223
0226 0250
0594 0435
0631 0456
0040 0526
0591 0100
0396 0353
0639 0258 -06.8 -05.5
0281 0287 -03.0 -07.4
0255 0448 -07.2 -00.0
0438 0467 +05.9 +02.9
0207 0297 +07.0 -00.4
0235 0245 -07.1 -04.2
0644 0196 +04.2 -03.1
0234 0348 -05.8 -07.9
0561 0357 -05.4 -01.3
