jungle.agr
snake.agr
malachite.agr
1000
0000 0000 0800 1000
0432 0394
0602 0094
0132 0009
0070 0303
0213 0077
0113 0089
0390 0344
0032 0447
0374 0473
0167 0362
0132 0169
0519 0038
0248 0188
0153 0361
0250 0502
0429 0394
0317 0276
0171 0191
0685 0058
0175 0090
0730 0258
0601 0077
0026 0359
0427 0300
0414 0268
0376 0357
0046 0096
0449 0315
0696 0087
0242 0294
0285 0181
0098 0202
0708 0227
0111 0058 +02.0 +08.7
0207 0173 -02.7 +11.6
0550 0172 +01.3 +02.7
0400 0025 -03.3 +09.7
0005 0063 -03.1 -01.3
0503 0340 -03.3 +08.0
0356 0133 +02.7 +01.7
0529 0316 +02.9 -04.4
0290 0186 +02.1 +08.3
0622 0225 +01.5 +07.4
