volcano.agr
dragon.agr
amethyst2.agr
700
0000 0000 1200 0600
0123 0417
0714 0503
0236 0036
0494 0207
0239 0431
0726 0503
0594 0016
0704 0150
0617 0521
0495 0531
0378 0189
0007 0398
0463 0027
0213 0447
0711 0408
0399 0469
0630 0336
0182 0242
0595 0545
0683 0310
0453 0120
0011 0499
0507 0344
0395 0472
0483 0308
0131 0210
0160 0442
0741 0175
0304 0376
0169 0539
0251 0452 +06.9 +02.4
0363 0396 +03.1 +03.7
0403 0369 +06.2 +01.5
0293 0228 +06.5 -01.9
0445 0467 -03.6 +02.4
0379 0240 +00.9 -03.5
0218 0480 +07.5 -02.0
0082 0349 +02.2 -03.7
0207 0102 -05.6 -02.3
