machupichu.agr
llama.agr
rough.agr
1500
0000 0000 0800 0600
0378 0394
0273 0122
0004 0048
0472 0487
0268 0526
0068 0407
0570 0220
0389 0030
0192 0280
0597 0192
0723 0094
0220 0457
0643 0155
0309 0294
0521 0427
0472 0460
0398 0500
0319 0414
0403 0548
0416 0405
0127 0096
0224 0280
0590 0214
0520 0272
0744 0502
0700 0368
0625 0055
0006 0446
0490 0374
0057 0049
0436 0069
0131 0016
0547 0526
0258 0547
0451 0491
0168 0147
0148 0246
0714 0098
0668 0524
0047 0287
0137 0353 +00.4 -07.8
0320 0163 -05.0 -07.5
0527 0384 +07.3 +06.0
0304 0372 +02.3 +05.8
0060 0311 -08.9 -02.1
0034 0491 -02.9 -08.0
0598 0254 -00.6 +03.6
0360 0405 +04.7 +04.0
0585 0154 +05.9 +07.2
