beach.agr
medusa.agr
blue.agr
410
0000 0000 0800 0600
0749 0202
0148 0044
0581 0403
0204 0090
0040 0182
0150 0162
0488 0233
0659 0052
0628 0372
0284 0445
0508 0368
0155 0280
0200 0061
0551 0463
0318 0469
0498 0362
0746 0163
0527 0257
0307 0121
0227 0276
0080 0293
0720 0223
0704 0422
0363 0144
0093 0020
0477 0451
0626 0095
0500 0472 -02.6 -01.4
0370 0077 -00.3 +02.8
0597 0277 -03.5 +07.2
0212 0233 +05.3 +05.4
0598 0460 -02.3 -05.3
0599 0114 -03.3 +00.4
0617 0366 -03.1 -07.7
0294 0433 +07.2 +01.2
0681 0390 -02.8 -06.3
0256 0231 +03.0 -06.9
