chamber.agr
naja.agr
sapphire.agr
189
0000 0000 0800 0600
0603 0140
0737 0150
0683 0409
0129 0271
0460 0032
0642 0165
0693 0267
0634 0001
0625 0441
0378 0310
0370 0476
0317 0228
0471 0446
0731 0194
0512 0547
0098 0239
0258 0199
0383 0162
0397 0308
0400 0384
0519 0405
0319 0309
0207 0364
0295 0274
0128 0183
0649 0272 +00.7 +00.4
0061 0059 +07.8 +01.0
0601 0178 -02.6 -01.8
0360 0147 -07.2 +05.7
0349 0136 -01.1 +05.3
0124 0104 +05.3 -01.3
0253 0385 -00.7 +04.9
0458 0060 +00.9 -07.7
0437 0072 +07.3 -02.1
