volcano.agr
panda.agr
onix2.agr
560
0000 0000 0800 0600
0351 0153
0650 0168
0546 0157
0333 0019
0357 0031
0146 0508
0682 0200
0362 0311
0627 0009
0410 0066
0150 0083
0509 0097
0198 0405
0558 0343
0539 0172
0715 0005
0710 0545
0021 0296
0587 0531
0741 0300
0213 0049
0708 0004
0039 0361
0387 0452
0052 0259
0622 0447
0416 0178
0007 0071
0034 0484
0293 0320 +04.6 +04.2
0171 0081 +03.2 +04.4
0358 0323 +02.5 +04.2
0356 0354 -03.1 -04.2
0611 0425 +04.5 +00.3
0080 0163 -04.5 -04.2
0648 0207 +04.5 -04.6
